Here is the formatted table for the total similarity matrix:

|                     | Adventure Explorers | Food Fanatics | Fitness Enthusiasts | Tech Gurus | Fashion Finesse | Gaming Geeks | Movie Mania | Sports Fanatics | News Junkies | Sports Zone | Culinary Delights | Fashion Trends | Tech Talk | Movie Marathon | Wanderlust | Tech Experts | Fit Life | News Network | Game Central |
| ------------------- | ------------------- | ------------- | ------------------- | ---------- | --------------- | ------------ | ----------- | --------------- | ------------ | ----------- | ----------------- | -------------- | --------- | -------------- | ---------- | ------------ | -------- | ------------ | ------------ |
| Adventure Explorers | 1.000               | 0.322         | 0.173               | 0.322      | 0.146           | 0.146        | 0.322       | 0.173           | 0.173        | 0.000       | 0.760             | 0.000          | 0.194     | 0.000          | 0.722      | 0.173        | 0.563    | 0.173        | 0.373        |
| Food Fanatics       | 0.322               | 1.000         | 0.158               | 0.450      | 0.565           | 0.271        | 0.144       | 0.322           | 0.322        | 0.176       | 0.496             | 0.202          | 0.176     | 0.361          | 0.202      | 0.158        | 0.000    | 0.158        | 0.336        |
| Fitness Enthusiasts | 0.173               | 0.158         | 1.000               | 0.158      | 0.146           | 0.455        | 0.158       | 0.173           | 0.355        | 0.000       | 0.000             | 0.224          | 0.194     | 0.000          | 0.355      | 0.271        | 0.549    | 0.000        | 0.000        |
| Tech Gurus          | 0.322               | 0.450         | 0.158               | 1.000      | 0.414           | 0.271        | 0.293       | 0.683           | 0.158        | 0.361       | 0.496             | 0.000          | 0.772     | 0.000          | 0.202      | 0.000        | 0.158    | 0.336        | 0.336        |
| Fashion Finesse     | 0.146               | 0.565         | 0.146               | 0.414      | 1.000           | 0.250        | 0.565       | 0.297           | 0.455        | 0.509       | 0.297             | 0.587          | 0.331     | 0.509          | 0.186      | 0.297        | 0.000    | 0.297        | 0.000        |
| Gaming Geeks        | 0.146               | 0.271         | 0.455               | 0.271      | 0.250           | 1.000        | 0.271       | 0.455           | 0.455        | 0.331       | 0.146             | 0.186          | 0.162     | 0.331          | 0.000      | 0.297        | 0.225    | 0.623        | 0.000        |
| Movie Mania         | 0.322               | 0.144         | 0.158               | 0.293      | 0.565           | 0.271        | 1.000       | 0.158           | 0.158        | 0.361       | 0.322             | 0.416          | 0.361     | 0.361          | 0.416      | 0.322        | 0.000    | 0.322        | 0.000        |
| Sports Fanatics     | 0.173               | 0.322         | 0.173               | 0.683      | 0.297           | 0.455        | 0.158       | 1.000           | 0.355        | 0.399       | 0.355             | 0.000          | 0.399     | 0.000          | 0.549      | 0.000        | 0.355    | 0.000        | 0.373        |
| News Junkies        | 0.173               | 0.322         | 0.355               | 0.158      | 0.455           | 0.455        | 0.158       | 0.355           | 1.000        | 0.194       | 0.174             | 0.000          | 0.399     | 0.000          | 0.173      | 0.271        | 0.760    | 0.000        | 0.000        |
| Sports Zone         | 0.000               | 0.176         | 0.000               | 0.361      | 0.509           | 0.331        | 0.361       | 0.399           | 0.194        | 1.000       | 0.252             | 0.450          | 0.450     | 0.000          | 0.399      | 0.000        | 0.000    | 0.000        | 0.000        |
| Culinary Delights   | 0.760               | 0.496         | 0.000               | 0.496      | 0.297           | 0.146        | 0.322       | 0.355           | 0.173        | 0.000       | 1.000             | 0.000          | 0.194     | 0.000          | 0.722      | 0.173        | 0.271    | 0.173        | 0.373        |
| Fashion Trends      | 0.000               | 0.202         | 0.224               | 0.000      | 0.587           | 0.186        | 0.416       | 0.000           | 0.223        | 0.450       | 0.000             | 1.000          | 0.000     |

| 0.524 | 0.000 | 0.000 | 0.000 | 0.224 | 0.000 |
| Tech Talk | 0.194 | 0.176 | 0.194 | 0.772 | 0.331 | 0.162 | 0.361 | 0.399 | 0.000 | 0.450 | 0.194 | 0.000 | 1.000 | 0.000 | 0.253 | 0.000 | 0.000 | 0.000 | 0.000 |
| Movie Marathon | 0.000 | 0.361 | 0.000 | 0.000 | 0.510 | 0.331 | 0.361 | 0.000 | 0.000 | 0.000 | 0.000 | 0.000 | 0.000 | 1.000 | 0.000 | 0.000 | 0.000 | 0.194 | 0.000 |
| Wanderlust | 0.722 | 0.203 | 0.000 | 0.203 | 0.186 | 0.000 | 0.415 | 0.000 | 0.224 | 0.399 | 0.722 | 0.000 | 0.253 | 0.224 | 1.000 | 0.360 | 0.000 | 0.000 | 0.000 |
| Tech Experts | 0.173 | 0.158 | 0.356 | 0.683 | 0.297 | 0.297 | 0.322 | 0.549 | 0.173 | 0.000 | 0.173 | 0.000 | 0.000 | 0.000 | 0.360 | 1.000 | 0.173 | 0.000 | 0.000 |
| Fit Life | 0.563 | 0.000 | 0.272 | 0.000 | 0.297 | 0.225 | 0.000 | 0.000 | 0.271 | 0.000 | 0.271 | 0.000 | 0.000 | 0.000 | 0.000 | 0.173 | 1.000 | 0.271 | 0.000 |
| News Network | 0.173 | 0.158 | 0.549 | 0.158 | 0.297 | 0.623 | 0.322 | 0.000 | 0.760 | 0.000 | 0.173 | 0.224 | 0.000 | 0.194 | 0.000 | 0.000 | 0.173 | 1.000 | 0.000 |
| Game Central | 0.373 | 0.336 | 0.000 | 0.336 | 0.000 | 0.000 | 0.000 | 0.373 | 0.000 | 0.000 | 0.373 | 0.000 | 0.000 | 0.000 | 0.000 | 0.000 | 0.000 | 0.000 | 1.000 |

Please note that Markdown tables don't support cell alignment. The cells in the table will be left-aligned by default.
